1457801850393038850
1457801850393038850
1457801850393038850
1476333873701261317
1511080205963698182
1454827036623650816
1569444580298469378
1482112551253073927
1459177114196971539
1517219122949541889
1496629404188950531
1529843894992633857
1464219029904650252
1532187117941665794
1471378505594286083
1469365887396466692
1475875783486885896
1477406896890040327
1460780984786309124
1464000281008553989
1479590393448738817
1456352755598168067
1456928842354933762
1453868035748605972
1449596259547762693
1448375689602797570
1448375730639884289
1449857608685264898
1449445313329176581
1542378588661780480
1542374257145303045
1542441376100790273
1566419491252469760
1566420981903773697
1567370873677533184
1567227327465103360
1567302718942756864
1567595959902769153
1569172444140945408
1570250690492256257
1570173638002737153
1542864000991449088
1571423243051110400
1533485251980316674
1532221789677527040
1531199993771659265
1531353865651511296
1531556356846755841
1537093252993716225
1538502786618314752
1538759999005986816
1536029605513019392
1540185655585669123
1534703550952972288
1530362657924075522
1530214534941745153
1530288306222534657
1530254245542383618
1530288203789307905
1503394777064222723
1494069551729762306
1496298515378884609
1494860506355548162
1494806173114986498
1504211972836888584
1503587106689454083
1500795612538847237
1495383772665204748
1509358120677560324
1511281821367029766
1507040194268127236
1507546013497585667
1515493502892666881
1509011175127891968
1520691005325856768
1521459686201073665
1518045021236301824
1518623761322459136
1526271976972722182
1527246400039559168
1527821892035284992
1524195649725640706
1518993867298816001
1482802420203806720
1489942105510268932
1490229879689945091
1490871227720024064
1487428032889606147
1482157169827061761
1486539445964845059
1473712190368718856
1454001125582163973
1455565131014938634
1456578035944148992
1466696546951512069
1467118883018616832
1467402564463431683
1467669097525780486
1468004722602827782
1468755082472824835
1469169900757262338
1472017606244810753
1457313647060045825
1457376064783536138
1459151416048726017
1476108362672656389
1476575518635950082
1477419403511615493
1477518359340085248
1478076717109592065
1478961625654874115
1479709731405008896
1448347747598356480
1452967542021136390
1453567274871296002
1453861978263404546
1462662345780387841
1459596711647760389
1464690447109009412
1465422336421728260
1466372556974350337
1567908268164452358
1568416883497385984
1568976033029787648
1569588679525691394
1569363961539092482
1541578948223684608
1542381332558651392
1542443560959889410
1544561892605190145
1574441106057691138
1455007889811132419
1456554992354185219
1457772804380581890
1458022553746817029
1458766204001206283
1459805325398269952
1459535458329845760
1503863651412889601
1499114906897031182
1498467464488882178
1501587731528441863
1509905830409351213
1508153739403829261
1508641135438217218
1506527734184427522
1504330026497490945
1524385478484631552
1525230903060008962
1526938474326245378
1528445143329607682
1528752286960390145
1522132219795587073
1522070526704898049
1532640621051117568
1530288257295994880
1530692690144133120
1530994285549498369
1531109601680277504
1532462865998913537
1525926563644071936
1523648843165802496
1523919850720174080
1469247302623707139
1469101569840979969
1488442259091582976
1488268217206206465
1492672798254317572
1493145335153188865
1493578617812668421
1493616078395781137
1493727996951285761
1490648596861136896
1491292173329117187
1491338085711642626
1497024508569341956
1489971063568015363
1494332183019884544
1496308168581857284
1487631492008353793
1485666147689283585
1485976779684823048
1493822228944748545
1515149715121516545
1517108444414681088
1518028999422795779
1518624002704560130
1519469961592332288
1520199987895967744
1520306282695061505
1520396559053168640
1516960899671633921
1539647154121089025
1538060808852279297
1539752834819825664
1534698984375296001
1542431988447326210
1541024919110270978
1541563675735212033
1544413821800009731
1535793432890724352
1535264321244172289
1535887624363249665
1470553517714771977
1470164337356644360
1471090776646078466
1470912745612754948
1472418567433949184
1478126452860235782
1478862226077356032
1481155659953491968
1481490297951510529
1479384243167973379
1480567807905566720
1480580234164699139
1484792660808380416
1474129810771243010
1467287350845874184
1467259724445847552
1473216419978366978
1564517016941240320
1569061712581595136
1569500445814693889
1572714327651540994
1572808103682260992
1574382943870427139
1593382148312006659
1466726206359887880
1466716707221917696
1499737841429106694
1499737952036999171
1499737910270124038
1500315874200145920
1483340943872901123
1481254029640544256
1484599101371080704
1501438462892945408
1501513774074941445
1501531583010033667
1501605060840726531
1504987641237880838
1496984503536996364
1505817025624653826
1506969074915500033
1519360953384640513
1518003641613012993
1520867115003105280
1522597620157399044
1521637088755597320
1523567838430375936
1524550650188775424
1523891828369637378
1517366031005753344
1518897576522948608
1525504434326757379
1527787293184086020
1528625764454768641
1529861336905179138
1520522596563013632
1535756338596401154
1535991243830079491
1530711454621605888
1531002172497870848
1541435071617433602
1539501795101351936
1538903143626448897
1533930220025131008
1534083097859342337
1531701024926248960
1512078639445147654
1507909432197402629
1513686086509371395
1513677070290743299
1509639728475226118
1513288396382388229
1488467867020382209
1488848912182087680
1490259213247000580
1492684964424474626
1493344672470773763
1493650661812039680
1493827673541558276
1492141625761484800
1487844233205665795
1487840991084175364
1488029255481057284
1494694728406810629
1494021373928386564
1482643779698008068
1482672138238767104
1491763102232322049
1495761529119117316
1471790036530212869
1474000021200715784
1468311845954015236
1469317420804415496
1469272572638466053
1465994729674264584
1470818572788240389
1470790813751726080
1470890895461519364
1454152429834960901
1455448686050349058
1456022918811557894
1456794103983771652
1477723837664047104
1479017394156675072
1475135000966320134
1457188966994563072
1457472818392834053
1479894868415508486
1448679572921278465
1448960133489381380
1452811189046718468
1453880847896043549
1462647859161886721
1462649171769397254
1463330795347607552
1452604603623608331
1464686302524329993
1465238795918450690
1461574023175761925
1543504983559213058
1542373226998894592
1543621191189012485
1544747946482204677
1564457813786742784
1570489987673751553
1570864934581604353
1568957556898385922
1542441803408109569
1542432668314632192
1593345649189294082
1454654537759870977
1456594896530382850
1457390119602753536
1458024063893340160
1448856339032297478
1449512766172237824
1449542805978746882
1459096127794388995
1453065611492331529
1453547628600381440
1453668659356962816
1464432829534662661
1450222379234467841
1450484692311060486
1511217125377019904
1512210813611823116
1514627107854307332
1514216165937139717
1519116199921164288
1516192857010634754
1524804148675346436
1520114175439261701
1521550245427134464
1523250344473497600
1529316166875115520
1526386812591034368
1530580247426478080
1530826568934760449
1532248789980954625
1532310973851246599
1522600385969594370
1498949425057738754
1497866569153581060
1498999813534371844
1505588600011776002
1502694244213051396
1501277691709898759
1501372400390193152
1499964496218972160
1509175416778502147
1506895291341021186
1468035688608239622
1468202358677159941
1466020488656863239
1468623701952409608
1468457177086050314
1468906190356848642
1488835785138728962
1488882652086251524
1489382903226187780
1487178934580125696
1490688665185624067
1496042099975901187
1496136876524195843
1497129592888385560
1492461576405893121
1493138173320433668
1495512376225017863
1491345604919836672
1537806738577100802
1542079861954838528
1533559244821172224
1542266901736239104
1470773221230362637
1472598332312805378
1474393547805581312
1476991945499054080
1478665098650697729
1479597481759584261
1479614068688240641
1482911771077844997
1484976642095476736
1484979382485671937
1464917494003556356
1469965151096901632
1473027346265518084
1569187961350295553
1542973461768949765
1544391137707921413
1566606099955953665
1566673186095353858
1572336743504048128
1593475726275006466
1520177942961303552
1519337150260682755
1519412820034473984
1523659586368327680
1523695259276148736
1524118689460948992
1524993122618560512
1526458130594467840
1526690413914234880
1526209359847497731
1520802317640998912
1500461578541535236
1483348550356451334
1484652344897945607
1495679974052929537
1503465338326900739
1505458902460030980
1505696104179982336
1505875725932453888
1503048672296198151
1501404735848464386
1509355763122073605
1508270912008773639
1507067381046452225
1511064246829862913
1512579617739390977
1515002749490020360
1515150315800174599
1510937327748661251
1531381167475367939
1530401220892176385
1530608818874470400
1534624110537580546
1538151584957628416
1540544018949345280
1540771483659558912
1532343596279648257
1532505083446968320
1535357400949358592
1488223712763654146
1487325096796688384
1485950901571526663
1486117021066547201
1492862984141561858
1492939985170931716
1480841252308402176
1491011195025113092
1465533949875142660
1465772256743755776
1473302120145342481
1473908192509890560
1467994456356007942
1468583816419700739
1470327042952605701
1471770822536740872
1472005673839775746
1475092328511676425
1475867339413495813
1476262062510592004
1460712060728352774
1456063725065195522
1480038056556126211
1456574579959287811
1457724516445171715
1459921992245784579
1460221660695515138
1460299313016459267
1453818703779348485
1450495567252107265
1452749871467933702
1449724088730230791
1542376801955385344
1563934630029340672
1572740568362676226
1572898722757111808
1574614821504700416
1568917921337905153
1569338410405621760
1567845462765613058
1572000277745795072
1532330986272223232
1535104036390768643
1529906864426733574
1531410643018031104
1537728037449519105
1538231885960302592
1538883767317970945
1536257415192125445
1536389890367074304
1540770480524652549
1534943433269608448
1533175731546644482
1502623934251876353
1501002038548873220
1501518151888089089
1501563707511369729
1503117322818670600
1503048218229325832
1502012263829585931
1497281346753945602
1497468455213174786
1503848597585993731
1505373123415355397
1503509376480555015
1499013906202710018
1507429236247773192
1515978531120898051
1510745173940224001
1520847173063254017
1522933712454754304
1517733564149870592
1526515417002524674
1526616707737227264
1524063584317235200
1528795658408312836
1489509926368165889
1491244895922982913
1487500704168087556
1487522631884713989
1493758917528387587
1492413350332010498
1480419762010136576
1480631833519747073
1489720310270205954
1473563756231897091
1474051625325060097
1454775691694772224
1454528135408459779
1454039810734100480
1469983718530027525
1457078383347580930
1457607545841983491
1457815001453010952
1457907346500460548
1475080913579085825
1475818707611967488
1475498414838267905
1476103010191351813
1478421738186854401
1478873284099850242
1449912203289657348
1453817487208894473
1461935906286448642
1462437927452131334
1460197177473515524
1450431517403107338
1452734232774811654
1466378303321821186
1466382469888761864
1465843827873177602
1567895328526897159
1542125599472472065
1542373528309493760
1565912117093568513
1567138360732557312
1566663399211139073
1573055129087098882
1584570844176523265
1592866569901772800
1454723971476303875
1454637166743670784
1454792224567267347
1456702678852059138
1457035377898835973
1457182342716526593
1458644145388597251
1459253187936985090
1448816805120815111
1453486183741329408
1453486540433338369
1460592746150998024
1460948334294843392
1450125814020907008
1462402949871718406
1463492345702150149
1464078126921789441
1462489383886589965
1497919470085550084
1499738784316932098
1501262176438214656
1501260826056876036
1508495141195112457
1509320244367605761
1508734298018525188
1498780170106327044
1524502443270328330
1527727165277720582
1528022993791754241
1527857563576016898
1530267187667034113
1530711470383718402
1531893313757904899
1531812152339832833
1521417095925350401
1466391822737965056
1466438538409529353
1468848761174732804
1468921937590362113
1468856440211263490
1488512382548721666
1493502089879764994
1493556616037347332
1490697923532922883
1496580778997817344
1497519545661067267
1497768415322427392
1494317952061038596
1494416769850744833
1495670139265691650
1488129570272423937
1511033794291281925
1515068592789798923
1515155113677053956
1514401876674060289
1519172866088054784
1519173538120359943
1519406025937354752
1519495731844837376
1520260948379983875
1515692803673706503
1539553191917912065
1539987865001758721
1539852776267780096
1538760214006087680
1537306595880673281
1535615822143578115
1542445388342624256
1543851044886700032
1544481919844450307
1539386639360966657
1564144786507849728
1470506584254074890
1470565299112091648
1473835633214824448
1481266674473046021
1482628128958820354
1475296165461516290
1473196755055521792
1567159491220705281
1567543133851770885
1569341743560069125
1570797022080536584
1571023475783139328
1572823831303036928
1574392201387319297
1585572146201464834
1593075478487011328
1505673700372267008
1466716837689937928
1466708189785870340
1483202139845701634
1481932219987996675
1502499043834011648
1502810554745958404
1501351680956198912
1503074017778933761
1501721983494537218
1498938678588100608
1504076752200503298
1497435474310225920
1497755676176703489
1506855292826689538
1503318992823664641
1499166238852796418
1519440249193213953
1521622854143332352
1523488642613714944
1523861119697567745
1518297026076807172
1518393918404108289
1526325608866799621
1526553384647798785
1529448876381458432
1522316681804144641
1522409109852725248
1519298947684225024
1520517392652189703
1530782723647762432
1536950597227790337
1539366053800574976
1539430161690632193
1533864739335438336
1531434105032024064
1531713613676679168
1510100943962087425
1507494257392820225
1509217398267817989
1513504262101286923
1513575862527881220
1514280710277935109
1514588303248355334
1509555336159633417
1509583833280221191
1513933220903063552
1489260687410884622
1489812952047923203
1493123845892591616
1493449493848731654
1493476891252117504
1493574396610551812
1492424675737190405
1486003521057026048
1494354071406272526
1494585657917906945
1482412792456089601
1486486856955232261
1486770296912764938
1472539215204392962
1473991407597760513
1466826734075006988
1467570253114736640
1465748010747502602
1468065969667022849
1468879966830010370
1469830622919241732
1469941258986475520
1470193011841773571
1470272473555951616
1455963190458609664
1478088417338695681
1477968969659203587
1479151704096612369
1474657744615530497
1474807478525251587
1475960596231192578
1475755914531639300
1476055589906223104
1476229076507676672
1458405664598990848
1448271511652118529
1453138554230542343
1452648596650659841
1450715169055813633
1464615332526661657
1461566347041726464
1461667618817859589
1542489519223705600
1544692932845846528
1570131161799864321
1568344684745093120
1543863190354038784
1544191467291295744
1544243501545684992
1580227258694119424
1584596818414866432
1453952256697532430
1454341304255647754
1456813559996768257
1457457039353937924
1448526172036337664
1459727983154016257
1461954944559460352
1462442382369112071
1462726549547933697
1459959108698787845
1463862086119956486
1463748083699920896
1512591368262144003
1515814562620407811
1518030085319806976
1524442064024489985
1524435814255673344
1525627016044679169
1525923765279985665
1521180639990624256
1521573743406977024
1521865071642628096
1528824629275594758
1527598890404528130
1526627838933319680
1522451621002850305
1528087950868697088
1532583615342604289
1498785666406051843
1498998051792318465
1499798737354432515
1501528269467881475
1501903452649054215
1501920590827077632
1506808073226174472
1506997965210021901
1505179166093852675
1486490555810938881
1487015471404703744
1491558126335578112
1490866981406265348
1495835505535201286
1492852673309290500
1493276685030019075
1493475755245948928
1494202581270339586
1494314601747402753
1487755334093615108
1485607316758138886
1485913106425470976
1488195571991068679
1534796714099474432
1536747068189982723
1532886552606547968
1539339180441882625
1541856341651820549
1471092089354137603
1475919432081940480
1476254621697990658
1478074715017261065
1479102185023541251
1481747526969610248
1481841405937045509
1480571471709757444
1484606948871917577
1467732295222280192
1564047287751671808
1564479991093415936
1584757229068042241
1567909373124685825
1521936889305042952
1522598716519202818
1527407066712789000
1528143727381864449
1519529669544001536
1519594835845337089
1519787435835768840
1524365219690078212
1502239309323251720
1483145319630053381
1484121475829444608
1484498685643956232
1498070722522062854
1505678763346087939
1497119570129215511
1496599595635605507
1496539264573931521
1509509507113943044
1509517487926231044
1506529999842553860
1506879044972818432
1533505591607541761
1532039311364964352
1534847447960195073
1536051232694972416
1537798871656562693
1538294766110228480
1532364863561158657
1533620413280014337
1541403133670174720
1488156919479087104
1488880109373526016
1488887354395963396
1489222254147903494
1490697858269523973
1492065612583116805
1492077040568344576
1493068163495436290
1493557076001538048
1494194165399408642
1482143641279905792
1482392913774772226
1473041248135045139
1473951958906068998
1474275649896415234
1469291177467944965
1469879324312539138
1471460896258117637
1471753126856245251
1475606775931883522
1476045580665241615
1478170374936223745
1478341595846131713
1463806312165392391
1464356244890824711
1454325430111059968
1457721797185523714
1457915622134669317
1457354090346950680
1462799848311345156
1458492578551193602
1448347248795037699
1449040556043157504
1449111955478880257
1449455798518697986
1449502400574853126
1543079774133837824
1542054430862082048
1542218409857159168
1566072851571978241
1566500268929298432
1563958518843056133
1574674802614620160
1569742925638033410
1572015726533414914
1532084382718107649
1539402349537542145
1535799384885104647
1539879910570860544
1540084031286550539
1534721376015163394
1501272208194351114
1501714150304714757
1495673418284417028
1504076195918319619
1506725574500392963
1506668647531614208
1509221453408972813
1512151229383819268
1513804778115112960
1508185790324555785
1508905976572829704
1515180647966560263
1519912094279548929
1521854870218854401
1516848073611304965
1523740978628112384
1523805445588140033
1523761725744750592
1524464234339442690
1520141330965573632
1488253673604014094
1488441642373763072
1488899253644795908
1488830227509829633
1489895027035852803
1490535126861815808
1486804674355286024
1486072319361568779
1486125367379308544
1492588812815450125
1492839676369154051
1493131787224059905
1491672758723526659
1482102769909653514
1482407545142595585
1474805834945384452
1474917863513153540
1455353626126282752
1455572912958758919
1456023282101202946
1467466923617124356
1468527233543421952
1468625933896761351
1469965050597101568
1471103995045453824
1457244394239578113
1457720557391208456
1459328742157787137
1475228658726055943
1476326476890923015
1478031868075331584
1478769323975999488
1479148807082295303
1479270026884624384
1479637874299580422
1448800424270647296
1449039188721029129
1448032462492295170
1462080638207643655
1462630878283112453
1541941076021461000
1569173053485072384
1570544494558253057
1570485213050056704
1564230370563956736
1544543912886702080
1572823623370670080
1574496755009232896
1584724611669069824
1584631369724231683
1585450267755311106
1454499917897027586
1454877902097592320
1454228901895544834
1455325297528623106
1455718064855601152
1457311059879022595
1458276054083117060
1458496257429753865
1448296151325847560
1453077087485665284
1453830443594289157
1460996805626253314
1462140265989390340
1461530295061020672
1461804105077334021
1504504199425544195
1498178243634946052
1501092276789198848
1498841167454158850
1502066612849029124
1508808129621991427
1526961445476478976
1529499059391799297
1521155843965734914
1530698952705998848
1533244992529088516
1533610041789534210
1534146314136866817
1532002596164091908
1532126591274340353
1523762679361716225
1523811927029272577
1526327175485566977
1529596056802971648
1529762703585189888
1465641121179181057
1468572801879752711
1466560470228287488
1488325176311824388
1487036188234076163
1489262156474294290
1492691293914468356
1493599555748831239
1493593260891254784
1493724212917411846
1490918427514765314
1497211675245572102
1490045958943809537
1491815789678186499
1492108293757616129
1494615434557067265
1485566487125499904
1485865859528765450
1488199685483515911
1512053666177601537
1513763359015030786
1517972328939986946
1518070771624689665
1518608310513065985
1519398417155477505
1519815581226180609
1512499406137921540
1514839291553370116
1539634324491886599
1539699736546054152
1539775562071347200
1540368043091451904
1538542872580001798
1534567750613340160
1542876847243169792
1542054201588858881
1542373786355658753
1471065281493676037
1470737825364688899
1471134813356802052
1472050572845064200
1473762472083574797
1473791678586793987
1474314584341336066
1481341892117864452
1482313428547117056
1482855130290610179
1484850353308901380
1476013705142087681
1472904388243083265
1565678119788417024
1565678183491452928
1568976803141718017
1570347784150351874
1570365963757035525
1572237782738927618
1584602031775313921
1585388732324380672
1448626886804967424
1482833962649235457
1483008693696229376
1481523009340854272
1502472802770862086
1496140998304583691
1496337092674306048
1506381129737244672
1502088762741903360
1505669872943919108
1519618414649614336
1523405577191182337
1523933728996831238
1524440246762409984
1524586386216652801
1525660049447829506
1526708852019765249
1519166622203883523
1519283379786637313
1533365401815773184
1533649873718890497
1533656733406535681
1532587110867390468
1530850595262824448
1537544818330509312
1538351330686902272
1536053477704605699
1539306042823254019
1533970213233864706
1512520147029807105
1508543130433376256
1508845285933465607
1507780169393741834
1514917871037472772
1515376416329719815
1511360843769782272
1488691505720172548
1489074630354771970
1489652799633719297
1489902236171915265
1488198956270374913
1490943988618371075
1491037546817925124
1493190381655240704
1492061735334916098
1491690289190387716
1491710583875461121
1487731053280337920
1494614566390714368
1495296717834629124
1480799892054454274
1482546897994854404
1486834712698101770
1472523669578518532
1472721252934684674
1474070561055809545
1465676436413587460
1471161586094161921
1469844966654418946
1470722730207105024
1471019205805977602
1454022949338497027
1455173072277827589
1456749634265620486
1478745469601804290
1475900103399456769
1476231837596983302
1476730876989825031
1457901385513639936
1458974568849235968
1479952886545231876
1448691479275261952
1448968517533978624
1448263419371548672
1450004234485776384
1453199389736984579
1453501355377713156
1462552901990109184
1459605837731622912
1463869915463667714
1464491855391961088
1465243274575335425
1465795544261939201
1542968536624254979
1542879037995220993
1564423732860420097
1570917227368681474
1571175532632367104
1567889967363534849
1568540376524275714
1584778214596956160
1453919585745481729
1455439315933306881
1455290550748422147
1455970239254913024
1456583610329440259
1457036681454882822
1457159562105180161
1448633121251938310
1460990996116824069
1459658341307850755
1461819727270105091
1461884025367404544
1463475736350642180
1460820193798541320
1509686018840092676
1510658379143946240
1511153669374414852
1513972655619252225
1514630119381426181
1514976580174503936
1518032138305736704
1518949894421053441
1520241921834188800
1522919028171366402
1526916302316744706
1527508787577462785
1530216460907335680
1532566846804791305
1498645271642738689
1498897385807769602
1504037718908674048
1501205000634122243
1501525540909379587
1501524144789364740
1501715860687396866
1502060863683014660
1502493255472226307
1508703187032813568
1508856793782444035
1504885398329298948
1468067251421126660
1466633463675514881
1488757604239097858
1486968031062511621
1489523436141613057
1490512681064824832
1496090257225355265
1494470601280352268
1494831179727519754
1487771588649005058
1485915284192231425
1486022521094754305
1533771768594595840
1533361809209573376
1534106411839328256
1537375244364787714
1535673158870503425
1538765039431299073
1538779985460310016
1537298654247149568
1471553782127472641
1471317357826129920
1474657792460001288
1476545781192613889
1478020364689104902
1479624722665164802
1482949884936220672
1485131786573209602
1467709399171018758
1469736988580278272
1469965113562075139
1485551686164881411
1485514449880600578
1542441475539374081
1543868036880506880
1542768136277065728
1563970301830078466
1565946702594736128
1543091949686734849
1544666431417196544
1569913738383478784
1570691417965760514
1574642664787660800
1568122042163298304
1568230635994595335
1593052226570039298
1571685288661110788
1571603780675969025
1572278435187404801
1572675495103287296
1519020320828497920
1519049439767375872
1520544478855110663
1526753015327252489
1527676458293927939
1527932118562549760
1519584015212335104
1520893385745256448
1517143478949404674
1524435884166160384
1483312128970928129
1481810294699708420
1481991925884461061
1506249208495542284
1495940037258715139
1501493468534870020
1509816237592829953
1509752095733428229
1506730179665793038
1512308163248275457
1511404139745476608
1511407876656533510
1514881945590587398
1515630246216847363
1515738622141648897
1510745680196907018
1532773494911533058
1532836838339125253
1533220218360803328
1534341899430948864
1529837109464408064
1532034797635358720
1532063000534069253
1532002279548760066
1536007709342027785
1539510463137865728
1535184712775475200
1541054313341935617
1488731470906593282
1489246658676224002
1489910374388350979
1487739542258032641
1491977282432520204
1494530003152822307
1473524940796313603
1474582589688143873
1474812648256593921
1474918611152166919
1468395297025970177
1469236796731142145
1469694446786822146
1470474961970204674
1470528272387776512
1471026345119567873
1475327881769365504
1475204091081105427
1476872521844670470
1478022086203432964
1478290605344104450
1479330687341764610
1479383073124929536
1459594539157524482
1454080839013343245
1457988830951313409
1462377150149967874
1460197590826430467
1452589407974969355
1449028322499956773
1542055722695139329
1566505577966092289
1543803656868438016
1544527090011312129
1544566617593577473
1567349302514618368
1568929249297580032
1532139666547286021
1533480329347989508
1532460515540320263
1532907515201069058
1535597329016832000
1530823624118124547
1538987350935715840
1536007846130765824
1533873840845205504
1533178245503496193
1503317250958409728
1503425497358819329
1494572080871976979
1495931637863006216
1498459652614328321
1497357239614513152
1505264608038330371
1505906848632868867
1505938240943046661
1508693330523308038
1515784891249606659
1519491325741129729
1520734906581721088
1519673466353598466
1521474269426950145
1527151450593320960
1523949232759136256
1522232688412868609
1483061646365020163
1481586151198642178
1488806704435412992
1489086373328048134
1487168469317599235
1473443284110528517
1454087646708486155
1467735450202820609
1468776583074918405
1471020615691870212
1471740220521553921
1471699629481893889
1478748240900153349
1448631423364222978
1448370391907508225
1462258639050350597
1462674528853626886
1464244498838470685
1460984784298168330
1465250346846932997
1464926221536575492
1570183836570652672
1543397940848480257
1543887137535410179
1572098666550235137
1574643068468240385
1584578311392354304
1454505737569325061
1454383198805413890
1455022101547479045
1455638556869857286
1457238196962480128
1457207027122511874
1457527076567887872
1448564704054480897
1452940249294909443
1452944099074584579
1452745203039682560
1462279999331917826
1462482590732984322
1506616418850471937
1499047423750119424
1499126474724581379
1502439636437803009
1501435766672478216
1505487257414692865
1507587648147263493
1524506512114262021
1528420477257060358
1522196049376555009
1532779202679914500
1533862874325581826
1532335724510560262
1532443191282126849
1523744269676126209
1522635739376279552
1531592431396958208
1465301387106000902
1465589022596780035
1486579378435903494
1486955858646945794
1493649794962702355
1494116477384867840
1497336040692101126
1497504568946700291
1489979793428910085
1495385081048875012
1495652830002266121
1493795202737258499
1511002206295707648
1515046656177172480
1519005825494396928
1519765540969013252
1513274721869082624
1516836750643113989
1539695613218013193
1540140685826965512
1537294167881261057
1543485297308098561
1542058833635573760
1544196537378828289
1535248074469163009
1564106559549874176
1473442986897903623
1477243505739194368
1482081152722743298
1482289144042823682
1480123993847910401
1480546816630398977
1476552684232749060
1475426268908826626
1476698528244244480
1469708140513927169
1568867756216389632
1570634313498251266
1570721580644446210
1570855728331759616
1568296086917242880
1568290029507846149
1572097753307840518
1572096674721406978
1574643939847577600
1574643448157974528
1584742372407402497
1584738835740905473
1448195006808870912
1535327449881493505
1498315348797378560
1499597216075292676
1500327657648508938
1483357535558152193
1502380633544445955
1500899352625176581
1503085513695444993
1501595512310534155
1501695306710196225
1496223699137351680
1505949074419331081
1506679226266796035
1503597981458702339
1506561208169734144
1519500363115765760
1523347577361424386
1524123545621516288
1524345160787656704
1524809870817783808
1517229847118065666
1518585696113643520
1525194767834918912
1527342427832324097
1528831531942301697
1529899732830760973
1533336678944976896
1531924680692621313
1535373436519841792
1538528201252556800
1539301982942294016
1510999688081600520
1512552652420562944
1512726522175569924
1512904044238442496
1512867692499275777
1507471523417931778
1509150981514268672
1513547431308189713
1516290165479997440
1509574068131012608
1508536179079237637
1485435057015857160
1488830975668895745
1489886064986804226
1492532923928510465
1491331969774649344
1492109132417093633
1485646265471934469
1487574216778174471
1487705094401449986
1486401869295407104
1494347374533111811
1495048421274759175
1494002512000475139
1495658960518582272
1480862491114708997
1486529934788993028
1472653799361679361
1466682542254297088
1467717406437036039
1469135603715346435
1469635661862998020
1469967004949909504
1470713888039706628
1470857552602746883
1471274023979999236
1455094242892779520
1456258431304671237
1456456486045962241
1478633703379288066
1475336357140590592
1457151389017194498
1458044462219730945
1459019855630241792
1449428419696107525
1449899665973972997
1452771050677317639
1453958935031934979
1461359512435052560
1461384469198344195
1459863107816329216
1463220974900240392
1463449005275422721
1462019204358582283
1544677423815467012
1566016518156128259
1569367146395746305
1567895442863652866
1542525864528601090
1572746600253751296
1573011566294884359
1454900733803786242
1454295906300440580
1457563901130776611
1458248248653660165
1450101466358853634
1461579671372394502
1453194578790690816
1460214725287972865
1515340961672425476
1513849914786205700
1513514713677983745
1513562528537841669
1514638611408306179
1516920096496750598
1518767551437754369
1519064137023864834
1513725633850798086
1519802440148692994
1526843716551553024
1531636979904831488
1532119822410055686
1520609052727808000
1527701884924047361
1532552198277799950
1499078718194651142
1506661258355179520
1500896913813614597
1468104468487028736
1469025299614547979
1468744857095217152
1469244719863513088
1488665620682096640
1491700598173011972
1491683615960358915
1496695686380752896
1497027959810625539
1492849899020427266
1494535123932438546
1485756099320025088
1492157474950070281
1493732585674973190
1532840610285101058
1537603490176020480
1537941236471869440
1538428336967254016
1542079677363539969
1536165975367815170
1538565194913173506
1473500036050784257
1473718335158300684
1473964787742744582
1478772496530915332
1483063579356057604
1469832383155294217
1542445585504272385
1569581558826434562
1543261328667721728
1570358579168972800
1569907566330920961
1571049723523661827
1518623384682172416
1517592130109255680
1523451273738997761
1523830680357982209
1526065394905128961
1527018908133523456
1521471361255940096
1521547482441867271
1521747043303280640
1480950115288375301
1480995505807282179
1481724726322266113
1484632195029417986
1484775807667130369
1496931686126260226
1499560136196689922
1505256755831480320
1506344700986507276
1506340228788895744
1502854884357509123
1507998119996370945
1511450172223545344
1513165416306118658
1514511845834383363
1507568487241330689
1510150488225988612
1512666663560400897
1532905903392964609
1533930893710045185
1531492529929080839
1531830834935697409
1534696992160505858
1536094560824479745
1534978950627311645
1535239918703738881
1541266220019699712
1488581732622290948
1489876176877150211
1491924770719293440
1491321656618659843
1492139735753633792
1492828275063853058
1493270343166967810
1493292576559960066
1493277356907130883
1494194661459742723
1494974316332650501
1482401487296684032
1486540976415858691
1466770140419088385
1464564748633223169
1469194551877242884
1469057407229718528
1475337500763721728
1477066093642629123
1478119362401816576
1478641393144893444
1463790423038738439
1464410488197066756
1462148026751807489
1460305441045585930
1453292034253537295
1459225607263469569
1461558284750520326
1542980731122733058
1566180242511003648
1584527724051251200
1593017225312493570
1569146175768363009
1532022342003707908
1532174475713777665
1533827491126722564
1537848198160687104
1536523397332713474
1540536442945822720
1501579097444700168
1494147161478823939
1496030563286892545
1495934239547834369
1496247906898227204
1497394233782722562
1504339801926881283
1505327279840268291
1514177070716239873
1507081006708408328
1515953332589715458
1515985184684130319
1510038881722318852
1510925075435995139
1507876985267183616
1518179879870558209
1525625248070086656
1525958609422757890
1526592593596923909
1520098026634813440
1518982407185125376
1522309030626336768
1524772989731975168
1523432053592707072
1482657050983342081
1481248828045115396
1484638854535544832
1488225182682517504
1488411378730041351
1489518576042135555
1487883453441867777
1490357415132467201
1486752848260046852
1485652169764360198
1487469267582808067
1487768197604458496
1480766398498365444
1491085143481909249
1486360521532190720
1473704592898723849
1473798141493354498
1454352637386792960
1454350279818809346
1467570047308734472
1469832463690223619
1469801424703922176
1471014594403516421
1471916973298642946
1469397010851581957
1457356363810676740
1457350766742605834
1457876199758237696
1458631354652839941
1479429736338178051
1453176860087500809
1461588919682617349
1464499371404369920
1465271451838296067
1452757410226053129
1465716138445320194
1569046947259981824
1570760758400811009
1570772276249006080
1564083326100639751
1564259679617929218
1544365140534996992
1566558549286715392
1572348265789546496
1544155844459184129
1544164776736989184
1574380217002434561
1580204572974325760
1592897731299012609
1454418194010185731
1456541472992469010
1456949847253204999
1458296037936963584
1448614562148802560
1448923683813199885
1448432909552128004
1461571643558359041
1462056024022695936
1459851046134685699
1503947895036211202
1499431565973016577
1502801327629422592
1505374192023351304
1501830103965200386
1503243532353646595
1504436833442316303
1504481257631014916
1527319752216981504
1530332488995786754
1533100652141760512
1531987280205959170
1469242039803985923
1469250884655718400
1469332638146043905
1491453391641677825
1493575525755158528
1490777309162389505
1496421553797742592
1491684775459008512
1492156949336674307
1494577375320944652
1495366768541450242
1496127983521869827
1485737152747081734
1485975818933514246
1485975883253166083
1488100633764843520
1512605136958459909
1514177731894050817
1515173133405151236
1517229938671292416
1519057559646257152
1513304643287203843
1513951514536013828
1520820353534242816
1537836419095625728
1539754747024007169
1540077180385992705
1540361574505930753
1536599806201761792
1535388035830931456
1534998372184121344
1542712548587409409
1542604125527056385
1543641143191261188
1541290206313074689
1542160629175312387
1542220616023306241
1535718558981840901
1471034384161689602
1471751794132979712
1471835254222725120
1473971026035945473
1477891761095655424
1478506670263263236
1478710691246718976
1481332651239915521
1481166975854202880
1482624510532616192
1480170700044443652
1484931259671494656
1475329088457826310
1476650712880844801
1476863496675598344
1464735611454046209
1565832142504050694
1566678436911128576
1569916377607315456
1498867793818648577
1483145750242598919
1484801621175324672
1502914935214555136
1501954739105255425
1504614307975372808
1505184172247298048
1496558175922831364
1523479471122096128
1517504491674685442
1526510686125273089
1526160049126662151
1526258622484955138
1523710341376446465
1526769869185634305
1528183554848325632
1533355741507092482
1535744446171594752
1536658894126194688
1541336137347858432
1508031131845033984
1513537024887820290
1515105463360053251
1485585363401854977
1490042091161800705
1490887760973996032
1491013719261913091
1491146231489261569
1492666839113084930
1492662012178014208
1492170187633737736
1494231996029100032
1494199730913558531
1495122647671316486
1474298701980000257
1469106624899870720
1470442994876702721
1468391947031121922
1470881296213807108
1470883416010858498
1454845952058175488
1455638516701057031
1455878983426314240
1456477174219751424
1456745604529360896
1477476644818354176
1477680051885944837
1478365600858529796
1478748163284606977
1457736402578415616
1449435001179758596
1449652658696953862
1452996823203844100
1453665329721364482
1463459423033171970
1464189583009193984
1452637739359277061
1452727208963936258
1542820541035339776
1543544480732684289
1542604982683303941
1564627301991579654
1570906568618840064
1568721589520445440
1568578409307033600
1580174107978567681
1579470091783405568
1593028986309083136
1593224949854244864
1454732863119761411
1454045190197555214
1454976997579493384
1456206061401264134
1456590828403580933
1456753120139046925
1456994613655322625
1458530414419533824
1449316167433211907
1449686389793202178
1458906863563587584
1459222992026800130
1459525938903986179
1459596171178131458
1453325303183548421
1464015816848863233
1452600392198524928
1464596133762768902
1509546036209111042
1512249190340038656
1513287643915853829
1519136358811377665
1525990284596760577
1522979548014559233
1526681209748824064
1529528148634832896
1530757832647352320
1521290886868574212
1524023501576978433
1532501237274378253
1498735651973439488
1505517392314707972
1504278903212462084
1504332878120951815
1501606208213381120
1508611822093742082
1506770696931848202
1506932121264586753
1502457473835360258
1468542865420820483
1469583710630543361
1489431263119216641
1489602762199371779
1490245243274510340
1490195681201565699
1490273730408288257
1490627859773276161
1491579772941398016
1492435173329313796
1493129543732928515
1493317892728836097
1493505841101746184
1493569756527480833
1493765257659092994
1493890092825468933
1494223425656836098
1494295195696963584
1494441520052588544
1487838024641789953
1488128495595278339
1485976054850539521
1486122499226185729
1491086510372065281
1491078676049698821
1491385075652755456
1535848778107826176
1540923458791452673
1539550357164269568
1533535319873572864
1471161637805637641
1471996133677301766
1473822146870849541
1474125251130839043
1476582372149805063
1475260505451282438
1478306711270088704
1478559412012863493
1481563877565509633
1480055814648139777
1484478637671866369
1484713283957706757
1469966547451998210
1469916236423311360
1473226026046132227
1485327728312303627
1542740940561022977
1564056275800825857
1584699532935573504
1542962262251544577
1569960170670936069
1592897845451173888
1593082573387091968
1570986464577748992
1572280482720538624
1518732878774890496
1519053615981285377
1520353062707159040
1519371236220063747
1521198363663814656
1517568788476178432
1523942139260030977
1524835142526717969
1527610793260457988
1528952673466257408
1519773902393810945
1502357169358143488
1502680333531164673
1503287749041819651
1503363301279150080
1505261070591483905
1512073674383233036
1512492105121161223
1514524095949508610
1515624588528476161
1515670251941289987
1510843378615066628
1532738633249210369
1533156813050609665
1532096386014978048
1530565137383493633
1532156718633070593
1530674293524205568
1538060991572824064
1538095232600113153
1538280002889953280
1539002927456473089
1539981225410134018
1530870963638009856
1532554670245171200
1532652092166483970
1485209519135285251
1489299276035510275
1489643260729446400
1490631020332593156
1485517991383027712
1485748280952639489
1487309760026267650
1485897209837150208
1487543051178618880
1493614654047801349
1494669247376728066
1494967701869105154
1480864786384629763
1466400750528086020
1474804983208071171
1474930661370875906
1467448612951056386
1467162804260114442
1467228785741340672
1468525007093387265
1468570043164372999
1468540861596250113
1475257390018838530
1475624932390359043
1477230076060176386
1478651278519676937
1479023664397914112
1455760337026781184
1455681661178417156
1479845184833789955
1456183185121988608
1457305560454414336
1458003535807881223
1462506877368119313
1462745927660179456
1460307831475867649
1458044830076923908
1452682495523270663
1448475004736196614
1448575838681804808
1448745298264682517
1542130321247723521
1566677717323431936
1566678144597528576
1543921818645368832
1574513374649413632
1569349450958774272
1570375747180679169
1570431961805783042
1568154919059824647
1571736968949637122
1532373451717201920
1532215131483975680
1534351757106630657
1539989188652564480
1503287531181273089
1501962309345947654
1494804240979611650
1499308944203956225
1499381634856099844
1505012602711117824
1504332752551878656
1506278572914266116
1503449064381325313
1502315056331116553
1509915260983074828
1511461759143534606
1508796090132439064
1515580802813235203
1510009250386526218
1519063004385619968
1521628371632988161
1517151778084892678
1523893469034561537
1523841967469301761
1526830195487002624
1527158896577724416
1523407485473681408
1481745899554578436
1484491496669818884
1484426468230938628
1489430072192765953
1489560152953212933
1489838362106028037
1489961100175106049
1490001979875393537
1490696727212425219
1491293066740723712
1487500248100581385
1493840604689801217
1482296457571016706
1491081904677810178
1486340057388797955
1473029409422680065
1472882220813758465
1473106740149424129
1474393496714977293
1474408165152366635
1455925924151668736
1456916233836761093
1466727672042643456
1470132896274993154
1470726385496961029
1470877684918067201
1471874441105784835
1458114219438710790
1475595394339856387
1475520351413043204
1468413338816327689
1448773856416653319
1449000510585978919
1462334053806444544
1462680994662780931
1462729066348531714
1464633419283980293
1452586232433754115
1543221485124321280
1564679489833115649
1566416291522662402
1566480466009522182
1567350727776813056
1572321781222092800
1593025729293606913
1454342664573399051
1456619077657579524
1457927650303954947
1449112345590988801
1449649341505884160
1453280982145056778
1460925442224009222
1462228576099606529
1463158746180460553
1459617636443168772
1463847024894398464
1461478870037811201
1461538414902210568
1505260681536413699
1505247914028900355
1501548104897675268
1502096043906932739
1510452437441822725
1507791427719385103
1524451044230500352
1533101021727141890
1533266911450042368
1466059300288274440
1468911972225802241
1469264850660597767
1488444979336810497
1486607644139864068
1489712056982917122
1491470963069882375
1493149493642113027
1493656486270042113
1490469928658370561
1490654115696885760
1497396346843635715
1494593938614894594
1496094198591893509
1519463243726602240
1514716968602927115
1537881128224190466
1538571625335033856
1542104809779523584
1542307007671275522
1470548759662714884
1470050474648739841
1470726765303717891
1471097041828913153
1471161976986423304
1471300418852597761
1477034510793547779
1477480080620150785
1477882908715094016
1481884248374226946
1480678321189003265
1480698803388919809
1485462617875312640
1564395185802547207
1568935829556322305
1565988789428035585
1569548365783760896
1593026549565231104
1481391734592622601
1502630962986819586
1502853236709109760
1501491434905612288
1496026574478626817
1496051702809640961
1506200561724674057
1524165272332120064
1524806249820340224
1524906991222771769
1518606795354292224
1526479449646108673
1526482811783348226
1527131344635035649
1528321413886619648
1529118684156940299
1533405604722745344
1534347465511641095
1534676737191251970
1535384408022061058
1530973588655841286
1532860471119847424
1541049917916864513
1538860583142817792
1538995258977136645
1510905188684599299
1512862747125596165
1512046303253233669
1507486916694126593
1507479181776543744
1508806137277300748
1514170460916752392
1513677137022177286
1513960141296742413
1513308252368474116
1490736053459767298
1490737244545630212
1490737214283825158
1490737186987253764
1491467750405021701
1487341722761891846
1488052507960041475
1488081056242798594
1494273328160415746
1494636851419877403
1495184555136933890
1495314830630211586
1482461505090162688
1491230430158553088
1472720793037639690
1473210745827598337
1473586138275364865
1473610161893691393
1473610090485673984
1466457548903518214
1466124987266338821
1467103028855640065
1467388270065692674
1467365618496294915
1471465021364482048
1470333706837630978
1455173290474024962
1456728492700143617
1477893972232060931
1479027412528771072
1474753937907453957
1475423739747745795
1457789719777927169
1461073660379385859
1460996558791577600
1463244360548597769
1543546326436253697
1543624455762632709
1567780720420220929
1568929848701374464
1567826963246600195
1567930311350095876
1572904871896166402
1592941570059386880
1454185084223991818
1455809859715223556
1455829191434379265
1457057657681022981
1458044799253037060
1458266058662547460
1448953106113482755
1449718912384372736
1459481203547934725
1462866344714686475
1460193357666340875
1453451839006027780
1453607251596517380
1453662704372178944
1464464871479779330
1460235298785267715
1509313797546196992
1510751684716380163
1516908052913410048
1518620855298785284
1522012622865850369
1526923432163778561
1529430485709074432
1522446559824257024
1520468107797708800
1527760917970173952
1498471560482537477
1498892613780480005
1498932743069003777
1505945847669800960
1503532642435747841
1503823498921267200
1469012383024783363
1490088324937269250
1490330543963136002
1490240154744803328
1490736336189411333
1490736211241152519
1490737413131546629
1490737438158954502
1490736263888261121
1492836584844058628
1493498331913494534
1495380819950866433
1488163385648816138
1486342076732264456
1486368807958376451
1495174115073871874
1536963087030362112
1532926674014044160
1540273465445457921
1540151352810414081
1540515869285138433
1540527428807938051
1539681642222166021
1535728583037132800
1534369934419152898
1470617734069239809
1470736518394236930
1470867105780322308
1471251942827601924
1471114084422664206
1473927103271915520
1474827522114265092
1477612661630287875
1477942087354130444
1481823784000757762
1481117721492430849
1484344151294439427
1465257514295967750
1467410918258528257
1467578559451758593
1470124643310882825
1567740456485924864
1570357839641858048
1574417397615837185
1518962920381628416
1522414663702659076
1517876869877669888
1525240636802314240
1526734000089448448
1527078199376633863
1529617923526037508
1522925461327728640
1481664327249711106
1498131954851581953
1495782933352878088
1500898966828900357
1501018614224330755
1501388775418695682
1496556330450104321
1505123871061594116
1515006343320686596
1533479563526778880
1530163572428480512
1532069627060457472
1535760798617829377
1536510832187584513
1535046277515313167
1488509258778005509
1488569293658861569
1488808936597827588
1489202393229180930
1490735866079240194
1492952678258950144
1494764336103018497
1495042810134810626
1473665185021841412
1474821500427513866
1467808554581168128
1468358540175810566
1469860819445985280
1469966759406948352
1471139282635169796
1471135686887714816
1476342275651383307
1454738689356144640
1455432831606349828
1479708009190281221
1456653022617079816
1462519487987658760
1460216010024402946
1460238658489909252
1453870575143825427
1458439540130123778
1458474399045066756
1449281446443732992
1448568474272477188
1566306926513643520
1566698168628252673
1571386046444867584
1571482935705870336
1593354195335266304
1533653100875202560
1535236396201431040
1535393938147889152
1535393875078021120
1530914711268601857
1539260981662072832
1535769699023106048
1539994236724158465
1531595812228276229
1502451490987786246
1503236619540652033
1494775566171525124
1496417138600562692
1499543843406065676
1499800766613184514
1499748115989024768
1497874471633494021
1506711033427423233
1513420387098394624
1515828531292475406
1512788334426349575
1523842658518642688
1528403346180145154
1519980053572034561
1520265312528379905
1489184619752742913
1490244909722386433
1490652207397621763
1487763888934473728
1493487837739687936
1493571277868707847
1491463553534021635
1482477236859117570
1486419133436682242
1473672278810542094
1473165751028748288
1474729804113010689
1455267418901815299
1455740298563358720
1456814314715762690
1467170276467265536
1469993897283801090
1470762949811834880
1470823220672618501
1471524568141606913
1471760336575471620
1472120195711963143
1458063303377358854
1475227566709645312
1476965253414072321
1478020955372982272
1478336893007900679
1478757184427249667
1479060684000448522
1479093739704434693
1479338124811591682
1479447541334876169
1480165557806665732
1449685504996397056
1453194561036197892
1450379268018647043
1543030618191237120
1541281421934731264
1570446624064786434
1564492937970720768
1564375984584986624
1564617686990086151
1566138201311694848
1544341271904403457
1454942495872331776
1456047656283820035
1456324747726364683
1453074380024684552
1453730979269414913
1460753297959235593
1452719089240231939
1500610650904698886
1502359051086307333
1503033539008376846
1507811112246722562
1502085495332900865
1500145967538094084
1523399984338509824
1525188984867004417
1527083193891016705
1532557293870620680
1530261927611420672
1534308600046313476
1531933175039111168
1531180102716997632
1532191323494567936
1467831714231767040
1465930994742022147
1466014217413271553
1468377186101047299
1466598476494499845
1468665492147687430
1486383263476244489
1486446872336162824
1486778538678276096
1487177252630671362
1491471900572368903
1493982591225331712
1492955327255429123
1493712200736952331
1490639889725067268
1490618208834965505
1490737161292943361
1490735989802872834
1496635430434922496
1494333078466007052
1496248916924321797
1487350745762570243
1488136766179713025
1486125932062466050
1517560344352333826
1519563056904392704
1520429213773447168
1538476944764837888
1536670358925115392
1535323671643955200
1542441904356622336
1470367575829848064
1471072588743036939
1471144548164411398
1471456596198936576
1471769888624504832
1473713118471675916
1474095345642655746
1477698537315917824
1478288142339907590
1479551931492229120
1480474489372688384
1484280495378550784
1485183707413553153
1467089708274622464
1464663813937143813
1472900193263788039
1568994263777648640
1571010336005976064
1592960349124591617
1524371338730905600
1481649408584261636
1502842636654157825
1501619644087549954
1496054873766637570
1506941349978857482
1523652782766829568
1527731947425783808
1528538511959277569
1519164488741707777
1532095592435961859
1532196677628661766
1532264056618377218
1536266237684031488
1536521675789017088
1533964030020182016
1514440313770754060
1513967205595193350
1488844596641767424
1489965863755292674
1490740210128281604
1490959939317030918
1492706439424532481
1492906160504160259
1492814695396433925
1493311590850048006
1493276302421512194
1491479291179286539
1492242933751455749
1487078022020694018
1487396797714681857
1487817233195806726
1494219545183236096
1494761305139552258
1495550319564046344
1480537991969976326
1480616331506597888
1472531845292118016
1467857989533065222
1466006779440111626
1469401029821157379
1469967279177699330
1471051457172578312
1454354431466737666
1455238764029169676
1456118495134027776
1456624966078812169
1477241121537499140
1475504246736834562
1457282133597331456
1458771489197637639
1459278525932974091
1479642580543578112
1449811776384667654
1450020378064076800
1460990378606305283
1450492647056060423
1462002016272715782
1462013432337735685
1465502150373609477
1571746639651676163
1574383907889455104
1454160462128590852
1455948188205080581
1456018262542585856
1456017956274540545
1460955139804745728
1461170171599597579
1453364171689668608
1514966243840860169
1518008689751379968
1518630994429022208
1519118368355278848
1524550066207293440
1524916525873889280
1521918153416003584
1528480880531894273
1530342275171110912
1531714196701794305
1522621126899388417
1523977447376662529
1506088111218073607
1499522531065307139
1504613006700916741
1502558713189892096
1466059524930822147
1491492993257426946
1492895758810599424
1492845557441781766
1493962220425854981
1494757775007748103
1494878591825637378
1494908678318657537
1494982680466935809
1540344206459535360
1541170807937843200
1541585029238628352
1537249954720206848
1471045744534732801
1471622255813742598
1472171506830561281
1475883997339086848
1481470035113787392
1484383999346851840
1543626047329017857
1564321083444154370
1568954997039108098
1569346287245602817
1544355448836456448
1569826228588392449
1567986546376343553
1571757191232888833
1571292246246309890
1520200746523930625
1524243676704223233
1527480168809279491
1521482791757959169
1502389984413818890
1503732062527782921
1495794320166866950
1496146030303367175
1501241514877501449
1504975266694713351
1504977453416161286
1509644802647855104
1511500109816766470
1513190620579332096
1513430721691484160
1515713851752390656
1515035979895107588
1515947753733758977
1507620974371299342
1529953665477386242
1532100018932289537
1531943336805748736
1530570494730199045
1534879687847165952
1537409872387616771
1537795990853386241
1538517033658503174
1539113294006566917
1535630348343980033
1535630510373883906
1540238713829167107
1535435124187156480
1490055674734202888
1490634146770788354
1487301680215379968
1491439252206649350
1492447869353136128
1492790469323071489
1492792598532173830
1492987420622602244
1493156824601739264
1493108950828568577
1494482374276571136
1480487173321277443
1482494031854714890
1489694367786979335
1495565379665596416
1464795198358233088
1465740570786254849
1474787483942469641
1467061581099974659
1469966711298269186
1471044464244584448
1471434201312411651
1475449963253489670
1475802753675014148
1476105230316150784
1476638042412752902
1455078376213995527
1456945953836044292
1457553541338255361
1453875161699135514
1453054974599081989
1449850624049307653
1460955451714113539
1573027916983713793
1585411446426734593
1593272550099935232
1570627238990843904
1569464827034337282
1542913577568374784
1537796109850095619
1503288805402587136
1494956407715733505
1503987041029476354
1504127259963240452
1505276775777116163
1506149751414218752
1509256080861315077
1515539300322099204
1515457270813016064
1511968311088615425
1508933592994369539
1515134591450951690
1522075932865007617
1521972836344029184
1517165478740852737
1526122135239933953
1525175633264771073
1521093515480023052
1528853999436320768
1489370127242080259
1487919330738253826
1486981331380805633
1493579265891135495
1482287197407617024
1491071469312700417
1490949889911836674
1472593852133478404
1473254551344058374
1473725706479841288
1456068368444891147
1456768244140871684
1469699136501002247
1472529693735747584
1472535501605421065
1475839062091001862
1478361861968089089
1479003553196912644
1479151710677319680
1450098698265022464
1462651558827474946
1460616722931757064
1460959301397364745
1460966712233373698
1464502289599770626
1465148953930915842
1465177870163079173
1464961026026319872
1452613663580381185
1542927679615385600
1568397290313842688
1569660639643160580
1571499197542858754
1543280235747180544
1566026618014879744
1593245265179250688
1455502142438101002
1455649917175836672
1456420881467682816
1457639988905095169
1458348353629171721
1453738630510379009
1460707926721581059
1460956446825267201
1450652355461062658
1452762343784525825
1462780007932215312
1500487816899301378
1505824369007857664
1499090117482643456
1502373033339768833
1500907607132942336
1501656712209698817
1510344332951306243
1501852469181267968
1503316956828647427
1525507065959141376
1526809730731188224
1526991743757037572
1527480005621522433
1529926393500516352
1529089716846481410
1526353541731860481
1529571981087199232
1522093582244581376
1530291017030713346
1531042356367183874
1532104076200136704
1523662393535963138
1523795670418743298
1521472147083993089
1465706531450617857
1468018225996836873
1466076928700465156
1487175181395243023
1493043061412274181
1493051752203145218
1493589202163978243
1490251686069379073
1490739991101726724
1496788994897551367
1491654278984908804
1492083805766750210
1495303997946830849
1495325366453424130
1485657043801456646
1516027131129700362
1516081784676659204
1519441396217884672
1511621332844396544
1538474580641468417
1536812004618428417
1535363192616062982
1542725767125258240
1543874822727507975
1543761998676217857
1564232657982062592
1471038124298022912
1471158416328507400
1473951422291263488
1477854161278537729
1477766696819642375
1478822392537436161
1481231461244153859
1481847756322918400
1480930034168778752
1483090344183050241
1484484013008035840
1474773547348205568
1476344554353745922
1466750565640192004
1473069813970919432
1567188527699443713
1567697525175472129
1458496554617249802
1482113486037655565
1496927965665718273
1506457955889303553
1519759013113651201
1522959842993864704
1517053476077182978
1526427048918532096
1528950501022355457
1535207879686373376
1532964027227181057
1536674662901776390
1537478673653112834
1539880146118660099
1533176118928297985
1511064149542916097
1511701222205628423
1512136634569048066
1509102100256595974
1515142174383427586
1515452684823900164
1516131357843668993
1490434938298150927
1492809175763726338
1492915599122608141
1492807462247936005
1492885292650569731
1493518939426545666
1491618604508672002
1488012106515374081
1494381590574678018
1482741647192760320
1465645040643055620
1471196197654351878
1469411724138889220
1454870038888992776
1455985405325631495
1478157216062447619
1474851110296899590
1474992399919333381
1476334104505421831
1477118523839111168
1477166724831236096
1457275497268891653
1459472890492080132
1453028497543344131
1453015199124963351
1459584691527467014
1460377892341305351
1563850615423369216
1564232377882509312
1569003705067782144
1568536599713161217
1572036624019779585
1454352471594254342
1455819996840353792
1456687896098861057
1456665127676112903
1460773801923387396
1515073466852159497
1515645502175551492
1518303187370979328
1520244797067661313
1522375572948762628
1528102159031709697
1529953353903529986
1532015358391066624
1503870354732765186
1505666894052831232
1499453674795454471
1499828793166471178
1504915147285925891
1500840682000470022
1465888116712034304
1487078647295004678
1489311857823432713
1489651849670049796
1489762551239888896
1492847564269539331
1492792331392663553
1492824799369904133
1493144527758102529
1493140415628853249
1492994133996228609
1493218139429027840
1494268736357892096
1494941799227527169
1488108290869452803
1488253384306176001
1488301583704236033
1490946505431449600
1495152056054784008
1493688922441801729
1536006777724084224
1538128790500651009
1471150597864841218
1471180253183758337
1471358208975335424
1475884216441356289
1479906985265045513
1467444933464260609
1467458205248798721
1566278713658019840
1568912398844854275
1544346300153581569
1544567596535517184
1566682246601670657
1593150264827031552
1570833127228182528
1571176242073706497
1571176530910257152
1571176824968777729
1571178264097443841
1571178690679083012
1519381452219195395
1522703110254350336
1518106769603514368
1523702279169519617
1527990970079449089
1528216287133966336
1520779615463170048
1519725934638731264
1483195054512652297
1484490955826860033
1499582182267842560
1498423543448674308
1504172589303754755
1497101128135168001
1497688089090830348
1502842885707685891
1498869079049834498
1509605161496285187
1511541856252874757
1515263728756822017
1534349909402451969
1529855425671094273
1531563381127192577
1531422125508022272
1536415089271660546
1537142435683479554
1539889760533200896
1539545956567351298
1488268498644402176
1489760606626320387
1485705942645755906
1491677920523390976
1491833682642055170
1492845126519074817
1493516586237538309
1493592268988719111
1493881941971636224
1485011621005041664
1486623252936015878
1466433243331416086
1464560958056054786
1467168199946866690
1467785276961472517
1470852485267001348
1471152413759451140
1475849270805041152
1478110545739927552
1478154212517158915
1478574033985806336
1479162806570209285
1454290660555558915
1454883089755242503
1456700454570799115
1453761662402523140
1452581255661379594
1452726200846139410
1460957428288270342
1461495640274268161
1542238242048811013
1542256352634048514
1566088089730260992
1544458725267648513
1543911276325310465
1571177273604116480
1571177449735462912
1571178372713091073
1532552458681163786
1538274094470287360
1539003248937410561
1539375589022392323
1534127202521845761
1501649837359566848
1498513677301207040
1496666068110163968
1513364460580192260
1508265677324529671
1519032656113012736
1523199163625660418
1518277922922106885
1517366145019686912
1527339877666213892
1528130084606906368
1523327850706653184
1528935271416270848
1481578771354464257
1484306912405442561
1484471259153022981
1487589044833947657
1486026422300942342
1487741641758851079
1492987686252068873
1493423060833210373
1480237276886183937
1482414493917495296
1480909959369998352
1485155215581999108
1486655404557877250
1487829831202971651
1473591682260160514
1471103166678810627
1472494369408274435
1457571163379404801
1477751635032084483
1477602213535141889
1478062451157606400
1448815294764535811
1453843649083498499
1460747624542355456
1460956250875826176
1569146463548063744
1570167205274488832
1564059581550153728
1544425681672716289
1544401222173605902
1572734370590621696
1574431021239570433
1456972631274631171
1458835181255598083
1460989870453796867
1461056394510090249
1450675129197924360
1500475492234846208
1504849421401526277
1499820752803147780
1498494357510377474
1502206415607320578
1502439983411511296
1527308843931385856
1527652289510506497
1521791260821970946
1530658812142800896
1530659682628558850
1533446388796870661
1533494312108847104
1533845402633519104
1531109912037556224
1532086199090679810
1523771169882910720
1529687927206211584
1465423376185544721
1466069467428007940
1469323320893980677
1492970402972418048
1493120812571938821
1493446075817947136
1493530280937799680
1490130757737660418
1491740930419965955
1492160670917443584
1487195501757874188
1487676942706958338
1495773006140178436
1517367916034883584
1516217051320356870
1519139251660619777
1537896825859936256
1540022823116316674
1538482298244542467
1538872166321639426
1534592642377457664
1535019609082023937
1541428897446625281
1470750883407355909
1471094644821970947
1471233538892705804
1471955228677259268
1478294978929508352
1479070181745848321
1483024799974797312
1464757882231173128
1465157903791190020
1571178433689829378
1569940926575030272
1570382086262882304
1572157184791965697
1497265763387854849
1498321294420553728
1483027539731779584
1481394927024148482
1481989968079773697
1484464687295209477
1502458258384056326
1502380492804534276
1501109774166986752
1501226908067180544
1501283684191768576
1496702418062655495
1503514042366844934
1499298063160127492
1499317073482240004
1521509321275813888
1523014806407507968
1523488721198219270
1523780417697902593
1524133483915972608
1517645174754750477
1526805505364135936
1528187686531514368
1528844886346280960
1526567275926626309
1530191124807180291
1522255347238731777
1532725225590341634
1525569515316301826
1464974492950802455
1453126515584012288
1574487521567948807
1475147771120394249
1580203154716889088
1510666683459026954
1502739538346717185
1537324958052978688
1574466324650233866
1568136221867507712
1496149847732334592
1530630391555674115
1498607745314009094
1504471290702274578
